0.0984989 0.597123
-0.135861 0.228663
0.917443 1.03928
1.06403 1.26035
0.0984989 1.03928
0.756814 1.03928
0.376747 0.965584
0.625151 0.523431
1.06403 0.891892
1.1518 0.965584
0.669039 0.597123
-0.0331643 0.523431
-0.369344 -0.139798
0.917443 0.228663
0.0984989 0.891892
0.522454 0.376047
0.317937 0.523431
0.829668 0.597123
0.712927 0.15497
0.859512 0.449739
-0.106018 -0.360875
0.478566 0.670816
0.303016 0.228663
1.18077 0.670816
1.13688 1.40774
0.756814 0.670816
0.947287 0.965584
0.917443 0.15497
-0.149906 0.891892
0.303016 -0.508259
1.00522 0.8182
1.1518 0.302355
1.07807 1.40774
1.18077 0.670816
1.22466 0.891892
0.201196 0.00758596
0.947287 0.449739
0.727849 0.744508
0.888478 0.965584
1.1518 0.8182
0.800702 1.55512
0.596185 0.523431
1.06403 0.523431
1.06403 0.15497
0.478566 0.8182
0.888478 0.597123
0.449601 0.00758596
1.38616 0.376047
0.947287 0.523431
0.346903 0.376047
0.0984989 0.891892
0.566342 0.302355
0.741893 0.8182
0.537376 -0.0661062
0.50841 0.15497
1.26855 1.26035
0.405713 0.376047
0.903399 0.670816
0.449601 1.11297
0.741893 1.40774
1.16673 0.523431
0.712927 0.0812781
1.03506 0.965584
0.230162 0.302355
1.23958 0.8182
0.771736 1.26035
0.888478 0.891892
0.493488 0.744508
1.06403 0.965584
1.19569 1.11297
0.171352 0.744508
1.09299 0.302355
1.23958 1.33405
0.815624 0.597123
1.00522 0.744508
0.976253 1.03928
0.815624 1.18666
0.50841 -0.139798
0.669039 0.449739
0.976253 1.26035
0.245084 0.744508
0.888478 0.8182
1.02014 1.40774
0.596185 0.891892
0.741893 1.33405
0.78578 0.8182
1.26855 1.11297
0.21524 0.597123
0.654117 0.744508
0.917443 0.8182
1.16673 0.449739
0.741893 0.376047
1.00522 0.670816
1.41513 1.84989
1.35632 0.449739
0.449601 0.449739
0.976253 0.744508
0.069533 0.00758596
0.449601 -0.0661062
0.888478 0.744508
0.522454 1.62881
0.420635 1.33405
0.581264 1.11297
0.303016 0.523431
0.0107234 -0.360875
0.961331 0.376047
1.32735 1.26035
0.991175 1.62881
0.961331 0.449739
-0.135861 -0.213491
0.596185 0.744508
0.741893 0.744508
0.888478 0.15497
0.449601 1.03928
0.596185 0.228663
0.961331 0.449739
0.669039 0.891892
0.245084 0.891892
0.829668 0.523431
0.522454 0.965584
0.815624 0.891892
1.1518 0.744508
1.1518 0.376047
0.537376 0.965584
0.419757 0.449739
0.654117 0.744508
0.0107234 1.18666
0.770859 0.449739
1.03506 0.523431
0.756814 0.8182
0.566342 1.48143
0.976253 0.523431
0.771736 0.449739
0.317937 0.965584
0.888478 0.891892
1.06403 0.670816
0.303016 0.302355
0.654117 0.376047
1.1518 1.70251
0.581264 0.376047
0.683961 0.8182
0.873556 0.302355
0.449601 0.523431
0.552298 0.597123
0.522454 0.523431
0.683961 0.523431
0.376747 -0.0661062
0.932365 0.597123
0.522454 -0.0661062
0.61023 1.11297
0.84459 1.40774
0.698005 0.449739
0.405713 0.597123
0.581264 0.302355
1.26855 1.11297
0.961331 1.03928
0.303016 0.8182
0.771736 0.8182
0.756814 0.228663
0.84459 0.891892
0.069533 0.15497
0.888478 0.15497
0.581264 1.26035
0.288972 0.670816
0.376747 0.00758596
0.84459 0.891892
0.698005 0.597123
1.12284 0.523431
0.917443 0.965584
0.669039 0.891892
1.10792 0.302355
0.552298 0.744508
0.815624 1.40774
0.859512 0.228663


-1.48146 -1.24518
-1.0575 -0.655644
-0.530851 -1.17149
-1.3498 -1.46626
-1.45249 -1.24518
-1.52535 -1.76103
-1.15932 -1.39257
-1.52535 -0.655644
-1.65701 -1.39257
-1.48146 -1.46626
-1.52535 -1.76103
-1.33487 -1.17149
-1.29099 -1.39257
-1.42265 -1.68733
-1.45249 -0.87672
-1.4086 -0.950412
-1.52535 -0.950412
-1.21813 -1.31887
-1.30591 -0.87672
-1.45249 -1.24518
-1.54027 -1.24518
-1.5982 -0.508259
-1.10139 -0.87672
-1.52535 -1.68733
-1.46654 -0.803028
-1.2471 -0.434567
-1.33487 -1.0978
-1.32083 -0.655644
-1.29099 -0.803028
-0.750289 -0.434567
-1.15932 -1.68733
-1.13036 -0.803028
-1.42265 -1.53995
-1.45249 -0.581952
-1.42265 -1.46626
-0.881952 -0.655644
-1.21813 -1.61364
-1.42265 -1.76103
-1.49638 -1.39257
-1.04258 -0.87672
-1.56923 -0.87672
-1.02766 -1.53995
-1.46654 -0.87672
-0.764333 -1.31887
-1.33487 -1.0978
-1.37876 -1.90841
-1.07155 -1.17149
-1.42265 -1.90841
-0.603704 -1.0978
-1.45249 -1.83472
-1.4086 -1.46626
-1.27694 -1.31887
-1.10139 -0.803028
-1.32083 -0.87672
-1.29099 -1.61364
-1.48146 -1.31887
-0.954806 -0.434567
-1.48146 -1.31887
-1.13036 -1.90841
-1.30591 -0.950412
-0.983772 -0.581952
-1.36472 -1.39257
-1.37876 -1.61364
-1.23305 -1.0241
-0.939884 -1.53995
-1.4086 -1.17149
-1.27694 -1.46626
-1.45249 -1.83472
-1.14528 -1.17149
-1.45249 -1.0241
-1.08647 -1.46626
-1.21813 -0.803028
-1.42265 -1.31887
-1.49638 -1.83472
-1.36472 -1.61364
-0.969728 0.00758596
-1.42265 -1.61364
-0.0621301 -0.508259
-0.954806 -1.31887
-1.30591 -1.17149
-1.42265 -1.53995
-1.52535 -1.24518
-0.939884 -1.24518
-1.11544 -1.53995
-1.4086 -1.24518
-1.43757 -1.24518
-1.01362 -0.508259
-0.998694 -1.76103
-0.515929 -0.581952
-1.23305 -1.0241
-1.18917 -0.287183
-1.13036 -1.24518
-1.30591 -1.0978
-1.43757 -0.950412
-1.32083 -2.0558
-1.08647 -0.803028
-1.17424 -1.83472
-1.46654 -1.83472